%% IEEE-14 bus system
nbus = 14;
Sbase = 100; %% MVA
wb = 2*pi*50; %% rad/s

%%      |  From_Bus |  T_ Bus  |   R_pu    |   X_pu     |     B_pu
branch_data=[
                0         1      0.01938    0.05917    0.04400
                0         4      0.05403    0.22304    0.04100
                1         2      0.04699    0.19797    0.03650
                1         3      0.05811    0.17632    0.02833
                1         4      0.05695    0.17388    0.02883
                2         3      0.06701    0.17103    0.01067
                3         4      0.01335    0.04211    0.00000
                5        10      0.09498    0.19890    0.00000
                5        11      0.12291    0.25581    0.00000
                5        12      0.06615    0.13027    0.00000
                8         9      0.03181    0.08450    0.00000
                8        13      0.12711    0.27038    0.00000
                9        10      0.08205    0.19207    0.00000
               11        12      0.22092    0.19988    0.00000
               12        13      0.17093    0.34802    0.00000
                3         6      0.00000    0.20912    0.00000
                3         8      0.00000    0.55618    0.00000
                4         5      0.00000    0.25202    0.00000
                6         7      0.00000    0.17615    0.00000
                6         8      0.00000    0.11001    0.00000
             ];

%%         |  at_Bus   |Bus_type  | P_Load_pu | Q_Load_pu  |LF_Voltage_pu|Nominal_U_kv |
bus_data=[
                1            2     0.21700     0.12700    1.0450      135.0
                2            2     0.94200     0.19000    1.0100      135.0
                3            1     0.47800     -0.03900    1.0000      135.0
                4            1     0.07600     0.01600    1.0000      135.0
                5            2     0.11200     0.07500    1.0700      0.2
                8            1     0.29500     0.16600    1.0000      0.2
                9            1     0.09000     0.05800    1.0000      0.2
               10            1     0.03500     0.01800    1.0000      0.2
               11            1     0.06100     0.01600    1.0000      0.2
               12            1     0.13500     0.05800    1.0000      0.2
               13            1     0.14900     0.05000    1.0000      0.2
             ];

      %buses with 0 load demand are not listed here
%%           |  at_Bus   | Bus_type  | Voltage_pu    |P_gen_pu   | Q_gen_pu   |Sub-transient_Xd_pu|
gen_data=[
                0     3       1.0600     0.000000   0.00000     0.25
                1     2       1.0450     0.400000   0.00000     0.25
                2     2       1.0100     0.000000   0.00000     0.25
                5     2       1.0700     0.000000   0.00000     0.25
                7     2       1.0900     0.000000   0.00000     0.25
             ];
