%% IEEE-39 bus system
nbus = 39;
Sbase = 100; %% MVA
wb = 2*pi*50; %% rad/s

%%      |  From_Bus |  T_ Bus  |   R_pu    |   X_pu     |     B_pu
branch_data=[
                0         1      0.00350    0.04110    0.58225
                0        38      0.00100    0.02500    0.62500
                1         2      0.00130    0.01510    0.21433
                1        24      0.00700    0.00860    0.12167
                2         3      0.00130    0.02130    0.18450
                2        17      0.00110    0.01330    0.17817
                3         4      0.00080    0.01280    0.11183
                3        13      0.00080    0.01290    0.11517
                4         5      0.00020    0.00260    0.03617
                4         7      0.00080    0.01120    0.12300
                5         6      0.00060    0.00920    0.09417
                5        10      0.00070    0.00820    0.11575
                6         7      0.00040    0.00460    0.06500
                7         8      0.00230    0.03630    0.31700
                8        38      0.00100    0.02500    1.00000
                9        10      0.00040    0.00430    0.06075
                9        12      0.00040    0.00430    0.06075
               12        13      0.00090    0.01010    0.14358
               13        14      0.00180    0.02170    0.30500
               14        15      0.00090    0.00940    0.14250
               15        16      0.00070    0.00890    0.11183
               15        18      0.00160    0.01950    0.25333
               15        20      0.00080    0.01350    0.21233
               15        23      0.00030    0.00590    0.05667
               16        17      0.00070    0.00820    0.10992
               16        26      0.00130    0.01730    0.26800
               20        21      0.00080    0.01400    0.21375
               21        22      0.00060    0.00960    0.15383
               22        23      0.00220    0.03500    0.30083
               22        35      0.00050    0.02720    0.00000
               24        25      0.00320    0.03230    0.44250
               25        26      0.00140    0.01470    0.19967
               25        27      0.00430    0.04740    0.65017
               25        28      0.00570    0.06250    0.85750
               27        28      0.00140    0.01510    0.20750
                1        29      0.00000    0.01810    0.00000
                5        30      0.00000    0.02500    0.00000
                9        31      0.00000    0.02000    0.00000
               11        10      0.00160    0.04350    0.00000
               11        12      0.00160    0.04350    0.00000
               18        19      0.00070    0.01380    0.00000
               18        32      0.00070    0.01420    0.00000
               19        33      0.00090    0.01800    0.00000
               21        34      0.00000    0.01430    0.00000
               24        36      0.00060    0.02320    0.00000
               28        37      0.00080    0.01560    0.00000
             ];

%%         |  at_Bus   |Bus_type  | P_Load_pu | Q_Load_pu  |LF_Voltage_pu|Nominal_U_kv |
bus_data=[
                0            1     0.97600     0.44200    1.0000      345.0
                2            1     3.22000     0.02400    1.0000      345.0
                3            1     5.00000     1.84000    1.0000      345.0
                6            1     2.33800     0.84000    1.0000      345.0
                7            1     5.22000     1.76600    1.0000      345.0
                8            1     0.06500     -0.66600    1.0000      345.0
               11            1     0.08530     0.88000    1.0000      345.0
               14            1     3.20000     1.53000    1.0000      345.0
               15            1     3.29000     0.32300    1.0000      345.0
               17            1     1.58000     0.30000    1.0000      345.0
               19            1     6.80000     1.03000    1.0000      345.0
               20            1     2.74000     1.15000    1.0000      345.0
               22            1     2.47500     0.84600    1.0000      345.0
               23            1     3.08600     -0.92200    1.0000      345.0
               24            1     2.24000     0.47200    1.0000      345.0
               25            1     1.39000     0.17000    1.0000      345.0
               26            1     2.81000     0.75500    1.0000      345.0
               27            1     2.06000     0.27600    1.0000      345.0
               28            1     2.83500     0.26900    1.0000      345.0
               30            3     0.09200     0.04600    0.9820      345.0
               38            2     11.04000     2.50000    1.0300      345.0
             ];

      %buses with 0 load demand are not listed here
%%           |  at_Bus   | Bus_type  | Voltage_pu    |P_gen_pu   | Q_gen_pu   |Sub-transient_Xd_pu|
gen_data=[
               30     3       0.9820     0.000000   0.00000     0.25
               29     2       1.0499     2.500000   0.00000     0.25
               31     2       0.9841     6.500000   0.00000     0.25
               32     2       0.9972     6.320000   0.00000     0.25
               33     2       1.0123     5.080000   0.00000     0.25
               34     2       1.0494     6.500000   0.00000     0.25
               35     2       1.0636     5.600000   0.00000     0.25
               36     2       1.0275     5.400000   0.00000     0.25
               37     2       1.0265     8.300000   0.00000     0.25
               38     2       1.0300     10.000000   0.00000     0.25
             ];
