%% IEEE-57 bus system
nbus = 57;
Sbase = 100; %% MVA
wb = 2*pi*50; %% rad/s

%%      |  From_Bus |  T_ Bus  |   R_pu    |   X_pu     |     B_pu
branch_data=[
                0         1      0.00830    0.02800    0.10750
                1         2      0.02980    0.08500    0.06817
                2         3      0.01120    0.03660    0.03167
                3         4      0.06250    0.13200    0.02150
                3         5      0.04300    0.14800    0.02900
                5         6      0.02000    0.10200    0.02300
                5         7      0.03390    0.17300    0.03917
                7         8      0.00990    0.05050    0.04567
                8         9      0.03690    0.16790    0.03667
                8        10      0.02580    0.08480    0.01817
                8        11      0.06480    0.29500    0.06433
                8        12      0.04810    0.15800    0.03383
               12        13      0.01320    0.04340    0.00917
               12        14      0.02690    0.08690    0.01917
                0        14      0.01780    0.09100    0.08233
                0        15      0.04540    0.20600    0.04550
                0        16      0.02380    0.10800    0.02383
                2        14      0.01620    0.05300    0.04533
                4         5      0.03020    0.06410    0.01033
                6         7      0.01390    0.07120    0.01617
                9        11      0.02770    0.12620    0.02733
               10        12      0.02230    0.07320    0.01567
               11        12      0.01780    0.05800    0.05033
               11        15      0.01800    0.08130    0.01800
               11        16      0.03970    0.17900    0.03967
               13        14      0.01710    0.05470    0.01233
               17        18      0.46100    0.68500    0.00000
               18        19      0.28300    0.43400    0.00000
               20        21      0.07360    0.11700    0.00000
               21        22      0.00990    0.01520    0.00000
               22        23      0.16600    0.25600    0.00700
               25        26      0.16500    0.25400    0.00000
               26        27      0.06180    0.09540    0.00000
               27        28      0.04180    0.05870    0.00000
               24        29      0.13500    0.20200    0.00000
               29        30      0.32600    0.49700    0.00000
               30        31      0.50700    0.75500    0.00000
               31        32      0.03920    0.03600    0.00000
               33        34      0.05200    0.07800    0.00267
               34        35      0.04300    0.05370    0.00133
               35        36      0.02900    0.03660    0.00000
               36        37      0.06510    0.10090    0.00167
               36        38      0.02390    0.03790    0.00000
               35        39      0.03000    0.04660    0.00000
               21        37      0.01920    0.02950    0.00000
               40        41      0.20700    0.35200    0.00000
               40        42      0.00000    0.41200    0.00000
               37        43      0.02890    0.05850    0.00167
               45        46      0.02300    0.06800    0.00267
               46        47      0.01820    0.02330    0.00000
               47        48      0.08340    0.12900    0.00400
               48        49      0.08010    0.12800    0.00000
               49        50      0.13860    0.22000    0.00000
               28        51      0.14420    0.18700    0.00000
               51        52      0.07620    0.09840    0.00000
               52        53      0.18780    0.23200    0.00000
               53        54      0.17320    0.22650    0.00000
               43        44      0.06240    0.12420    0.00333
               55        40      0.55300    0.54900    0.00000
               55        41      0.21250    0.35400    0.00000
               56        55      0.17400    0.26000    0.00000
               37        48      0.11500    0.17700    0.00250
               37        47      0.03120    0.04820    0.00000
               17         3      0.00000    0.55500    0.00000
               17         3      0.00000    0.43000    0.00000
               19        20      0.00000    0.77670    0.00000
               24        23      0.00000    1.18200    0.00000
               24        23      0.00000    1.23000    0.00000
               25        23      0.00000    0.04730    0.00000
               28         6      0.00000    0.06480    0.00000
               31        33      0.00000    0.95300    0.00000
               40        10      0.00000    0.74900    0.00000
               44        14      0.00000    0.10420    0.00000
               45        13      0.00000    0.07350    0.00000
               50         9      0.00000    0.07120    0.00000
               48        12      0.00000    0.19100    0.00000
               42        10      0.00000    0.15300    0.00000
               55        39      0.00000    1.19500    0.00000
               56        38      0.00000    1.35500    0.00000
               54         8      0.00000    0.12050    0.00000
             ];

%%         |  at_Bus   |Bus_type  | P_Load_pu | Q_Load_pu  |LF_Voltage_pu|Nominal_U_kv |
bus_data=[
                0            3     0.55000     0.17000    1.0400      115.0
                1            2     0.03000     0.88000    1.0100      115.0
                2            2     0.41000     0.21000    0.9850      115.0
                4            1     0.13000     0.04000    1.0000      115.0
                5            2     0.75000     0.02000    0.9800      115.0
                7            2     1.50000     0.22000    1.0050      115.0
                8            2     1.21000     0.26000    0.9800      115.0
                9            1     0.05000     0.02000    1.0000      115.0
               11            2     3.77000     0.24000    1.0150      115.0
               12            1     0.18000     0.02300    1.0000      115.0
               13            1     0.10500     0.05300    1.0000      115.0
               14            1     0.22000     0.05000    1.0000      115.0
               15            1     0.43000     0.03000    1.0000      115.0
               16            1     0.42000     0.08000    1.0000      115.0
               17            1     0.27200     0.09800    1.0000      500.0
               18            1     0.03300     0.00600    1.0000      500.0
               19            1     0.02300     0.01000    1.0000      500.0
               22            1     0.06300     0.02100    1.0000      138.0
               24            1     0.06300     0.03200    1.0000      345.0
               26            1     0.09300     0.00500    1.0000      161.0
               27            1     0.04600     0.02300    1.0000      161.0
               28            1     0.17000     0.02600    1.0000      161.0
               29            1     0.03600     0.01800    1.0000      345.0
               30            1     0.05800     0.02900    1.0000      345.0
               31            1     0.01600     0.00800    1.0000      345.0
               32            1     0.03800     0.01900    1.0000      345.0
               34            1     0.06000     0.03000    1.0000      138.0
               37            1     0.14000     0.07000    1.0000      138.0
               40            1     0.06300     0.03000    1.0000      230.0
               41            1     0.07100     0.04400    1.0000      230.0
               42            1     0.02000     0.01000    1.0000      230.0
               43            1     0.12000     0.01800    1.0000      138.0
               46            1     0.29700     0.11600    1.0000      138.0
               48            1     0.18000     0.08500    1.0000      138.0
               49            1     0.21000     0.10500    1.0000      138.0
               50            1     0.18000     0.05300    1.0000      138.0
               51            1     0.04900     0.02200    1.0000      161.0
               52            1     0.20000     0.10000    1.0000      161.0
               53            1     0.04100     0.01400    1.0000      161.0
               54            1     0.06800     0.03400    1.0000      161.0
               55            1     0.07600     0.02200    1.0000      230.0
               56            1     0.06700     0.02000    1.0000      230.0
             ];

      %buses with 0 load demand are not listed here
%%           |  at_Bus   | Bus_type  | Voltage_pu    |P_gen_pu   | Q_gen_pu   |Sub-transient_Xd_pu|
gen_data=[
                0     3       1.0400     0.000000   0.00000     0.25
                1     2       1.0100     0.000000   0.00000     0.25
                2     2       0.9850     0.400000   0.00000     0.25
                5     2       0.9800     0.000000   0.00000     0.25
                7     2       1.0050     4.500000   0.00000     0.25
                8     2       0.9800     0.000000   0.00000     0.25
               11     2       1.0150     3.100000   0.00000     0.25
             ];
